camera_matrix_left:
None

distortion_left:
None

camera_matrix_right:
None

distortion_right:
None

R:
None

T:
None

E:
None

F:
None

camera_matrix_left12:
[[923.85336387   0.         661.74618282]
 [  0.         944.94656056 378.2486615 ]
 [  0.           0.           1.        ]]

distortion_left12:
[[-0.03888492  0.43520615 -0.00894975  0.01058996 -1.31801332]]

camera_matrix_right12:
[[907.25015454   0.         637.5706379 ]
 [  0.         924.70425269 336.13676028]
 [  0.           0.           1.        ]]

distortion_right12:
[[ 0.01675132  0.06919456 -0.01112974  0.00284346 -0.22922805]]

R12:
[[ 7.89602101e-04 -8.23171896e-01 -5.67791692e-01]
 [ 8.54050365e-01  2.95914703e-01 -4.27822934e-01]
 [ 5.20189726e-01 -4.84584892e-01  7.03263913e-01]]

T12:
[[21.9737101 ]
 [19.21011743]
 [11.21277579]]

E12:
[[  0.41663046 -12.6269579   18.30686499]
 [-11.4216446    1.41808603 -21.81983829]
 [ 18.75148678  22.3155727    1.50648796]]

F12:
[[-1.55817946e-08  4.61701179e-07 -7.96860082e-04]
 [ 4.19101575e-07 -5.08731964e-08  4.81586145e-04]
 [-7.67193029e-04 -1.01754902e-03  1.00000000e+00]]

camera_matrix_left13:
[[811.16780013   0.         583.81985717]
 [  0.         791.76776255 394.73047445]
 [  0.           0.           1.        ]]

distortion_left13:
[[ 0.01207143 -0.26717598 -0.00455455 -0.00938163  1.05940942]]

camera_matrix_right13:
[[928.70519446   0.         651.03248149]
 [  0.         939.80272239 374.26668165]
 [  0.           0.           1.        ]]

distortion_right13:
[[ 0.01856551 -0.42305302 -0.00420767  0.0037583   1.55342277]]

R13:
[[ 0.05334703  0.85951932  0.50831155]
 [-0.84531577  0.30985881 -0.43523415]
 [-0.53159698 -0.40646532  0.74309528]]

T13:
[[-18.68969895]
 [ 17.70051123]
 [ 14.17056495]]

E13:
[[  2.56906378 -11.58551838  19.32068022]
 [ -9.17942982   4.58315988  21.09128899]
 [ 14.85442748 -21.00509928  -0.86297907]]

F13:
[[-1.24011643e-07  5.72948955e-07 -9.10280432e-04]
 [ 4.37869258e-07 -2.23978661e-07 -9.83324055e-04]
 [-7.49063205e-04  6.75543352e-04  1.00000000e+00]]

camera_matrix_left14:
[[898.53306846   0.         619.49112357]
 [  0.         901.14126053 367.14504821]
 [  0.           0.           1.        ]]

distortion_left14:
[[ 0.03132355 -0.26263325 -0.01537515 -0.00828225  0.48550123]]

camera_matrix_right14:
[[1.01894371e+03 0.00000000e+00 6.16638633e+02]
 [0.00000000e+00 1.00811341e+03 4.74755264e+02]
 [0.00000000e+00 0.00000000e+00 1.00000000e+00]]

distortion_right14:
[[-0.05044214 -0.15428794 -0.00650606  0.01835208  0.42251295]]

R14:
[[-0.99961451  0.01706009  0.02190386]
 [-0.02652    -0.35323156 -0.93515996]
 [-0.00821678 -0.93538036  0.35354783]]

T14:
[[ 0.73346616]
 [32.82114163]
 [28.8994878 ]]

E14:
[[  0.4967302  -20.49203999  38.6294873 ]
 [-28.88232068   1.17909783   0.37369494]
 [ 32.78903798  -0.81901517  -1.40481785]]

F14:
[[-8.86111361e-09  3.64497143e-07 -7.47519405e-04]
 [ 5.20763611e-07 -2.11982287e-08 -3.20879853e-04]
 [-8.37771641e-04 -1.99855045e-04  1.00000000e+00]]

camera_matrix_left23:
[[888.87791887   0.         630.97382571]
 [  0.         881.0229319  370.83538659]
 [  0.           0.           1.        ]]

distortion_left23:
[[-0.04589926  0.18181723 -0.01305963 -0.0004885  -0.40289393]]

camera_matrix_right23:
[[9.83688782e+02 0.00000000e+00 6.40326634e+02]
 [0.00000000e+00 1.00780563e+03 3.83236095e+02]
 [0.00000000e+00 0.00000000e+00 1.00000000e+00]]

distortion_right23:
[[-0.02700367  0.33831415 -0.01420358  0.003264   -0.95629169]]

R23:
[[-0.99990265  0.00700221  0.01206884]
 [-0.01386162 -0.39964339 -0.91656588]
 [-0.00159476 -0.91664395  0.39970155]]

T23:
[[-0.78593343]
 [34.64730039]
 [26.59589515]]

E23:
[[  0.31340828 -21.1303644   38.22546976]
 [-26.59455944  -0.53419105   0.63512039]
 [ 34.65482184   0.0714854    0.30220708]]

F23:
[[-5.74774989e-09  3.90975269e-07 -7.64496072e-04]
 [ 4.76059391e-07  9.64761252e-09 -3.14064394e-04]
 [-8.03948043e-04 -2.55350312e-04  1.00000000e+00]]

camera_matrix_left24:
[[946.35407727   0.         644.17104853]
 [  0.         894.51961224 459.32079482]
 [  0.           0.           1.        ]]

distortion_left24:
[[ 0.01513616 -0.10753719 -0.01640746  0.00195627  0.02778417]]

camera_matrix_right24:
[[942.09478299   0.         624.44234398]
 [  0.         955.92787058 396.59819975]
 [  0.           0.           1.        ]]

distortion_right24:
[[-0.00748009  0.04322071 -0.01244242  0.005294   -0.10788332]]

R24:
[[-0.00577699 -0.82503345 -0.56505436]
 [ 0.84124166  0.30148498 -0.44879759]
 [ 0.54062842 -0.47793997  0.69231083]]

T24:
[[20.65808582]
 [18.61809806]
 [11.93314131]]

E24:
[[  0.02681734 -12.49599611  18.24507602]
 [-11.23728598   0.02808425 -21.04469022]
 [ 17.48599903  21.58865618   1.24893852]]

F24:
[[-9.25245112e-10  4.56116442e-07 -8.04625295e-04]
 [ 3.82095536e-07 -1.01026915e-09  4.31513213e-04]
 [-7.19324041e-04 -1.02679568e-03  1.00000000e+00]]

camera_matrix_left34:
[[911.32158621   0.         663.47919032]
 [  0.         934.71012833 342.78298295]
 [  0.           0.           1.        ]]

distortion_left34:
[[-0.0207067   0.08014966 -0.00864477  0.00571922  0.04760622]]

camera_matrix_right34:
[[952.77732719   0.         604.40191293]
 [  0.         975.56798862 385.35667092]
 [  0.           0.           1.        ]]

distortion_right34:
[[ 0.03025166  0.06729681 -0.01114126  0.00514522 -0.73577146]]

R34:
[[-0.01591168  0.84379678  0.53642689]
 [-0.81504836  0.29981761 -0.49578783]
 [-0.57917441 -0.44510267  0.68296458]]

T34:
[[-21.16060248]
 [ 17.61910799]
 [ 13.45172425]]

E34:
[[  0.75926932 -11.87537592  18.70242787]
 [-12.46971892   1.9318809   21.66780858]
 [ 17.52726389 -21.21126795   1.03980591]]

F34:
[[-2.90675807e-08  4.43256497e-07 -7.85158301e-04]
 [ 4.66233603e-07 -7.04242070e-08 -1.02349724e-03]
 [-8.01418145e-04  5.13571019e-04  1.00000000e+00]]

